0.1251318
0.1351806
0.1310499
0.1345346
0.132566
0.1332575
0.1316401
0.1270825
0.122571
0.1338286
0.132337
0.1249913
0.1356405
0.1278402
0.1233262
0.1267099
0.1368854
0.1300058
0.1354114
0.1278838
0.1253431
0.1219513
0.1342162
0.125915
0.1233964
0.1281699
0.1231617
0.1281129
0.1228583
0.1205411
0.1367077
0.1327331
0.1268232
0.1198251
0.1248269
0.1260559
0.1359114
0.130052
0.1264855
0.1169842
0.1195465
0.125486
0.1289903
0.1220679
0.1317772
0.1344359
0.1154182
0.127018
0.1261775
0.1226457
0.1291255
0.1239206
0.1294164
0.1324689
0.1187051
0.1189714
0.1205869
0.1228937
0.129235
0.1308259
0.1321851
0.1250902
0.1191752
0.1216221
0.1400198
0.1296204
0.1245532
0.1239523
0.1255388
0.136295
0.1253685
0.1359691
0.1191808
0.1296549
0.1361723
0.1238463
0.1277986
0.1277223
0.125623
0.1363428
0.1365026
0.1265837
0.1264293
0.1315453
0.1319047
0.1373557
0.1269584
0.1342513
0.1285396
0.1275938
0.122489
0.1251392
0.1163699
0.1251832
0.1293666
0.123401
0.1325279
0.1267516
0.138885
0.1318091
0.1284528
0.1153746
0.1312707
0.13777
0.1272893
0.1310147
0.1361013
0.1260986
0.1289938
0.1265923
0.131895
0.1275174
0.1262777
0.1259977
0.1290715
0.1194677
0.1252046
0.126841
0.1316346
0.125648
0.1285151
0.1313768
0.1372339
0.1296529
0.1302841
0.1281635
0.1254266
0.1360439
0.1317927
0.1267707
0.1272454
0.1260023
0.1309834
0.1253825
0.1259535
0.1243994
0.1390849
0.1310391
0.1232098
0.1264339
0.1268956
0.1352486
0.1290002
0.1403328
0.1218665
0.1157219
0.1306363
0.1185031
0.1294113
0.125497
0.127554
0.1253241
0.1295475
0.118021
0.13034
0.138657
0.1345061
0.1236016
0.1293777
0.1320282
0.1203967
0.1294436
0.1338263
0.130422
0.1351104
0.1276877
0.1233468
0.1359628
0.1278234
0.130836
0.1271046
0.1233225
0.135863
0.1324847
0.1254574
0.1255469
0.1264232
0.1321685
0.1257834
0.1273722
0.1322593
0.1332124
0.1192628
0.13483
0.1335383
0.1119344
0.1267939
0.1250205
0.1309865
0.1296026
0.1219175
0.1332461
0.1283986
0.128903
0.1345855
0.1279247
0.1191891
0.1284298
0.1277833
0.1310217
0.1261291
0.1275462
0.119882
0.1206559
0.1182264
0.1222403
0.1135481
0.1282607
0.1353919
0.1324728
0.1357092
0.130093
0.125631
0.1218152
0.1195058
0.1307237
0.127849
0.1312835
0.1279552
0.1285798
0.1348121
0.127789
0.1381338
0.1280022
0.1218097
0.1326612
0.1253224
0.1198923
0.1313845
0.1411113
0.1327141
0.1371491
0.1195204
0.1213827
0.1309555
0.1300221
0.1329623
0.1243588
0.1263633
0.1325572
0.1302617
0.1259671
0.1318944
0.129468
0.1229048
0.1353026
0.1207847
0.1246826
0.131863
0.1259506
0.1338463
0.1230742
0.1279155
0.1408208
0.121683
0.1278209
0.1332241
0.128161
0.1281112
0.1393187
0.1261983
0.1416742
0.1211567
0.1294894
0.1389697
0.1326858
0.1229676
0.1302518
0.1270552
0.1367999
0.1353631
0.1322737
0.1419865
0.1344706
0.1284325
0.1276599
0.1322241
0.1248099
0.1322889
0.1264935
0.1310004
0.1317996
0.1316603
0.1297414
0.1315376
0.1310613
0.1316409
0.1290766
0.1276967
0.1296283
0.1338864
0.1307586
0.1265346
0.1212146
0.1286445
0.1310912
0.121854
0.1218974
0.1228655
0.1243783
0.1358584
0.1294179
0.1351492
0.1404166
0.1212958
0.1318708
0.1331014
0.1323223
0.1239319
0.1295591
0.1310266
0.1232212
0.1328965
0.1358627
0.1367893
0.1249288
0.1305067
0.1355676
0.1290304
0.1271663
0.1319441
0.1288632
0.140449
0.1292071
0.1305586
0.1279718
0.1293519
0.1354394
0.1211985
0.1276984
0.1304016
0.127058
0.1279459
0.1338929
0.124732
0.1220894
0.1389801
0.1284095
0.1373276
0.1369005
0.1352344
0.1254014
0.1233428
0.11677
0.1308825
0.1318055
0.1363365
0.1224959
0.1263747
0.1286016
0.1291628
0.1218878
0.1244189
0.1272823
0.1310635
0.1282531
0.1271241
0.1167755
0.1348558
0.1332759
0.1333085
0.1211878
0.1348728
0.1268366
0.1200213
0.1303864
0.1251043
0.1416314
0.1299517
0.1274335
0.1311701
0.1336687
0.130993
0.1353812
0.1340289
0.1284811
0.1354747
0.1332889
0.1223902
0.1194278
0.1274251
0.1299819
0.1306357
0.1276806
0.1175137
0.1201331
0.1177535
0.1246963
0.1326233
0.1281086
0.1327814
0.1367088
0.1254236
0.1343871
0.1305329
0.1269605
0.1230802
0.1295661
0.1280279
0.1265877
0.1224022
0.1293
0.1324556
0.1167627
0.1246576
0.1248592
0.1251468
0.1426201
0.1204115
0.1230367
0.1307627
0.1280803
0.1307119
0.1234003
0.1333454
0.130381
0.1182041
0.1249462
0.1339423
0.1281143
0.1309284
0.1259441
0.1331243
0.1288226
0.1344092
0.1271265
0.127903
0.121923
0.1279183
0.1255097
0.1294417
0.1231244
0.1308793
0.1350607
0.1258338
0.1292936
0.1346887
0.1267329
0.127198
0.1296497
0.1493389
0.1207502
0.1200834
0.1225281
0.1284096
0.1269496
0.1297651
0.1298348
0.1257407
0.1296677
0.1261895
0.116558
0.1181885
0.1365905
0.1309282
0.1375246
0.1282878
0.1272988
0.1333825
0.1329901
0.1308507
0.1244451
0.1335513
0.1309369
0.1295941
0.1337824
0.117372
0.1246226
0.1252567
0.1324933
0.1321085
0.1245202
0.1250968
0.1378364
0.1271235
0.1382515
0.1288313
0.1310661
0.1274326
0.1245493
0.1319804
0.1321721
0.1233749
0.1317709
0.1234775
0.1224457
0.1247788
0.1405074
0.1263101
0.1265522
0.1331253
0.1213434
0.1255554
0.1307588
0.1303498
0.1291673
0.1171826
0.1223116
0.1313556
0.1296613
0.1366049
0.1312046
0.1369804
0.1298803
0.128956
0.1305885
0.1182377
0.1391302
0.1303144
0.1251333
0.1249752
0.1398791
0.1175086
0.1253079
0.1301894
0.1317818
0.1257984
0.1188914
0.1200147
0.1212584
0.1315224
0.1255171
0.1218235
0.1261541
0.1314013
0.1316606
0.1390772
0.1291575
0.1411995
0.1338518
0.126763
0.1314308
0.1292208
0.1268591
0.1185906
0.1362321
0.1350253
0.1207475
0.1173607
0.1246722
0.1266505
0.1338281
0.1251731
0.1264789
0.1206623
0.1247269
0.1231902
0.1288305
0.1300357
0.1318794
0.1334301
0.123048
0.1247518
0.1336388
0.1207556
0.1303913
0.1330787
0.1297734
0.1266837
0.1320443
0.1273355
0.1328427
0.1247002
0.1230948
0.1315366
0.1244967
0.1255643
0.1234922
0.1273512
0.13489
0.1270716
0.1304073
0.1260744
0.1332296
0.138449
0.1341122
0.136049
0.133783
0.1334575
0.137206
0.135793
0.1193143
0.1320021
0.1302812
0.1295548
0.1309506
0.1373269
0.1272095
0.1130845
0.1253936
0.1281043
0.1363836
0.1202109
0.1295654
0.1345636
0.1263325
0.1204878
0.1295777
0.1291552
0.1290287
0.1203902
0.1272708
0.1194357
0.1262903
0.1349369
0.1240523
0.1385862
0.1319421
0.1325748
0.1368726
0.1391554
0.1166088
0.1267536
0.1322686
0.1265679
0.1342718
0.1276094
0.1290113
0.1343869
0.115779
0.1261315
0.1224348
0.1260995
0.125707
0.1192775
0.1346228
0.1346834
0.1291811
0.1179771
0.1368688
0.1342252
0.1240733
0.1311168
0.1377384
0.1255656
0.1250405
0.127716
0.1235531
0.12645
0.1237847
0.1293349
0.1349004
0.134987
0.1256516
0.1136805
0.1204419
0.12454
0.1372542
0.1301129
0.1189715
0.1311984
0.1240834
0.1246979
0.1223605
0.1242008
0.1219583
0.1288981
0.1335641
0.1329286
0.1298867
0.129228
0.1261719
0.1261528
0.1402205
0.1242828
0.1230738
0.1226845
0.125892
0.1296621
0.139816
0.1313862
0.1352045
0.1379152
0.1299598
0.1217003
0.1256487
0.128984
0.1391158
0.1216262
0.1276633
0.1221857
0.1322054
0.1128469
0.1304264
0.1282793
0.1237301
0.1341173
0.1270145
0.1319001
0.1211214
0.133614
0.139867
0.1363344
0.133384
0.1289063
0.1343144
0.1251634
0.1320241
0.1284136
0.1405029
0.1357738
0.1290438
0.1332165
0.1375842
0.1293712
0.1246986
0.1282026
0.1290297
0.1350573
0.129226
0.1219581
0.1295685
0.1248399
0.1323746
0.1194663
0.129197
0.142477
0.1139871
0.1272162
0.1260083
0.1317492
0.130148
0.120054
0.1161587
0.1329898
0.1279952
0.1220756
0.1302272
0.1361135
0.1212246
0.1246653
0.1216949
0.1257499
0.1282321
0.1364199
0.1292321
0.1326237
0.118225
0.1310216
0.1310739
0.1281336
0.130395
0.1288071
0.1305026
0.1277192
0.1214865
